564	18
564	47
564	787
18	140
18	334
18	452
18	535
47	441
47	831
47	490
47	550
787	94
787	765
787	874
787	439
140	64
140	784
140	897
140	990
334	660
334	979
334	79
334	75
334	403
452	235
452	257
452	292
452	101
452	432
452	633
535	29
535	425
535	636
535	224
441	380
441	118
441	976
441	222
441	351
441	661
831	362
831	842
831	286
831	320
490	568
490	284
550	634
550	556
550	916
550	522
550	367
94	530
94	30
94	271
94	538
94	317
94	112
94	233
94	593
94	243
94	985
765	824
765	54
765	104
765	673
765	813
765	484
874	709
874	57
874	912
874	888
874	896
439	496
439	248
64	911
64	276
64	656
64	116
64	950
64	532
64	847
64	308
784	392
784	382
784	404
784	298
784	81
784	575
784	565
784	931
784	796
897	837
897	349
990	297
990	664
990	214
990	461
990	471
660	17
660	648
660	335
660	90
660	118
660	461
660	857
660	638
660	440
979	33
979	68
979	892
979	103
979	475
979	290
979	595
979	970
979	510
979	354
79	260
79	65
79	90
79	181
75	234
75	617
75	166
75	399
75	842
403	919
403	911
403	650
403	942
403	175
403	499
235	15
235	5
235	344
235	789
235	573
257	50
257	484
257	347
257	359
292	88
292	806
292	710
101	726
101	411
101	251
101	853
101	154
101	932
101	159
101	475
101	640
101	500
432	260
432	462
432	190
432	788
432	244
432	319
432	449
633	166
633	569
633	342
633	307
29	312
425	879
425	42
425	640
425	801
425	903
425	630
636	37
636	483
636	187
636	980
224	651
224	215
224	496
224	316
224	410
224	311
224	803
380	21
380	135
380	644
380	991
380	970
118	574
118	657
118	820
118	964
976	967
976	690
976	797
976	868
976	367
976	203
976	795
222	231
222	352
222	992
222	746
222	680
222	526
222	654
351	936
351	312
351	554
661	879
661	898
661	534
362	41
362	578
362	593
842	230
842	519
842	816
286	210
286	104
320	146
320	846
320	434
320	689
320	992
320	447
568	227
568	323
568	58
568	103
568	389
568	751
568	855
568	644
634	13
634	324
634	843
556	167
556	944
556	22
556	39
556	544
556	746
916	608
916	117
916	770
916	496
916	488
522	327
522	128
522	691
522	406
367	846
367	738
367	589
367	516
367	236
530	30
530	632
530	181
530	718
530	124
530	708
530	935
530	616
530	834
30	723
30	98
30	192
271	925
271	295
271	460
271	160
271	551
271	457
271	331
538	747
538	404
538	571
538	695
538	586
317	593
317	573
317	175
112	894
112	885
112	692
233	806
233	188
233	310
233	176
593	220
593	141
593	370
593	487
593	710
243	785
243	99
243	268
243	305
243	301
985	170
985	438
824	344
824	38
824	212
824	288
824	910
54	148
54	693
54	652
104	361
104	96
104	797
104	888
104	147
104	992
104	770
673	590
673	827
673	871
673	500
673	231
673	290
673	114
673	699
673	488
813	658
813	234
813	508
813	848
484	664
484	516
484	845
709	0
709	804
709	966
57	880
57	22
57	377
57	388
57	863
912	715
912	52
912	871
912	404
912	258
912	516
912	948
912	581
888	232
888	264
896	105
896	964
896	387
896	132
896	884
896	161
496	357
496	349
496	166
496	138
496	822
496	834
248	590
248	365
911	759
911	517
276	984
276	718
276	469
276	339
656	453
656	230
656	239
656	642
116	728
116	401
116	374
950	623
950	743
950	708
950	301
950	205
950	631
950	647
950	444
950	994
950	420
532	527
532	493
532	214
532	329
532	771
847	939
847	695
847	815
847	989
308	808
308	524
308	384
308	85
308	108
308	176
392	2
392	197
392	761
392	800
382	794
382	53
382	907
382	870
382	641
382	277
382	409
382	482
404	527
404	553
404	637
404	80
404	902
404	177
404	716
404	420
298	250
298	350
298	84
298	469
298	191
298	600
298	479
298	601
81	892
81	478
575	726
575	489
575	826
575	208
575	551
575	988
565	291
565	513
565	740
565	238
931	697
931	546
931	374
931	686
931	449
931	758
796	915
796	680
796	627
796	332
796	760
837	999
837	11
837	66
837	483
837	848
349	20
349	315
349	635
349	71
349	981
349	795
349	299
349	621
297	61
297	841
297	195
297	917
664	623
664	610
664	91
664	134
664	128
664	373
664	261
664	970
214	879
214	91
214	744
214	456
461	423
461	170
461	698
471	527
471	887
471	418
17	485
17	529
17	606
17	83
17	785
17	620
17	415
648	7
648	576
648	578
648	200
648	526
648	621
648	330
335	451
335	180
335	49
335	397
335	732
335	448
335	612
90	210
857	529
857	166
857	215
857	683
857	261
638	752
638	851
638	300
638	476
638	503
638	418
638	966
440	808
440	948
33	629
33	355
33	762
33	731
33	327
33	541
68	623
68	172
68	460
68	653
892	747
892	125
103	579
103	786
475	879
475	343
475	776
475	613
475	667
290	291
290	110
290	195
290	314
290	345
290	908
290	801
290	296
595	938
595	256
595	314
595	810
595	242
970	348
970	640
970	954
970	458
510	357
510	965
510	423
510	369
510	337
510	833
510	834
354	702
354	802
354	424
354	743
354	641
260	860
260	6
260	637
260	941
260	338
260	152
65	165
65	375
65	220
65	183
65	282
181	315
181	549
181	195
181	662
181	887
181	878
181	221
181	303
234	60
617	768
617	158
617	690
166	202
166	192
166	658
166	427
166	742
166	602
166	720
166	480
166	296
166	428
399	312
399	417
399	566
399	156
919	3
919	474
919	730
919	780
919	767
919	771
919	400
650	69
650	619
650	412
650	217
650	414
942	383
942	256
942	100
942	110
942	373
942	437
175	363
175	196
175	217
499	898
499	961
499	641
499	887
499	948
499	547
15	167
15	356
15	322
15	747
5	851
5	723
344	158
344	25
344	920
344	424
344	419
789	76
789	82
789	766
789	325
789	801
573	127
573	198
50	483
50	905
50	599
50	728
50	171
347	143
347	764
359	152
359	261
359	804
359	378
88	572
806	640
806	105
806	161
806	430
710	879
710	752
710	521
710	478
710	500
710	163
710	760
726	35
411	558
411	651
411	451
411	677
411	797
411	396
411	744
411	770
411	714
411	201
411	983
251	171
251	92
853	752
853	625
853	372
853	105
853	562
853	883
154	997
154	436
154	654
154	481
932	997
932	520
932	536
932	151
932	135
932	686
159	589
159	533
159	448
640	147
640	539
640	533
500	909
500	106
500	873
462	785
462	24
462	237
462	132
462	330
190	415
190	26
190	658
788	22
788	388
788	830
788	917
788	281
788	703
244	228
244	375
244	61
244	680
319	274
319	917
319	583
449	752
449	157
449	597
569	962
569	489
569	226
342	358
342	310
342	145
307	629
307	516
307	922
312	168
312	22
312	781
312	849
312	206
312	368
312	850
312	329
879	16
879	229
879	170
879	616
879	446
879	969
42	520
42	590
42	321
42	542
42	702
42	967
801	707
801	834
903	433
903	151
903	374
630	635
630	854
37	136
37	846
37	722
37	250
37	119
37	254
483	840
483	700
187	913
187	51
187	624
187	381
980	119
980	960
980	910
980	764
980	922
651	4
651	381
215	72
215	819
215	562
215	884
215	669
215	708
215	539
316	880
316	835
316	443
316	127
316	580
410	807
410	337
311	512
311	859
311	448
311	833
803	967
803	160
803	745
803	262
21	356
21	69
21	733
21	867
21	241
21	891
21	961
21	715
21	928
21	794
135	129
135	536
135	183
135	537
135	751
135	285
644	943
644	915
644	201
644	783
644	506
991	675
991	353
991	152
574	704
574	387
574	138
574	902
574	376
574	428
657	938
820	350
820	127
820	551
964	949
964	835
964	751
964	708
964	368
967	668
967	498
690	687
690	142
690	71
690	746
690	446
690	804
797	623
797	756
797	720
797	730
797	296
797	332
868	968
868	117
868	126
868	457
868	929
868	995
203	227
203	963
203	254
203	858
795	227
795	277
795	480
231	89
231	226
352	114
352	428
992	828
992	692
992	294
746	121
746	941
746	764
680	625
680	846
680	141
680	245
680	901
680	301
680	394
680	153
526	723
526	998
526	281
654	330
654	482
654	969
936	22
936	52
554	561
554	288
898	25
898	599
898	835
898	91
898	387
898	793
898	613
534	160
534	545
41	356
41	685
41	818
41	717
41	927
41	173
41	913
578	254
578	76
578	398
230	625
230	49
230	237
230	935
519	358
519	677
519	288
519	328
519	408
519	420
816	880
816	622
816	729
816	878
816	280
816	467
816	959
816	995
210	402
210	417
146	225
146	3
146	719
146	641
146	480
146	749
146	283
146	145
846	137
846	328
846	398
846	812
434	501
434	52
434	383
434	533
689	73
689	223
689	655
447	594
447	581
227	10
227	183
227	239
227	313
227	954
323	880
323	49
323	508
58	186
58	289
58	423
58	678
58	807
389	827
389	119
389	258
389	516
389	918
751	415
751	641
751	124
855	199
855	731
13	207
13	984
13	3
324	343
324	405
324	113
324	729
324	385
324	584
324	302
324	332
843	393
843	228
843	508
843	909
843	559
167	172
167	766
944	10
944	26
944	497
944	280
944	385
944	336
944	989
22	734
22	625
22	609
22	228
39	984
39	180
39	129
39	894
544	513
544	95
608	963
608	70
608	330
117	701
117	677
117	293
117	725
770	144
770	291
770	254
770	635
327	761
327	340
327	474
327	750
327	695
327	814
327	935
327	924
128	558
128	157
691	186
691	915
691	205
691	977
406	407
738	34
738	962
738	692
738	457
589	98
589	576
516	119
516	772
516	675
516	886
236	986
236	825
632	35
632	763
632	125
718	629
718	71
718	492
718	494
718	924
718	407
124	387
708	212
708	477
708	612
935	162
935	186
935	678
616	713
616	541
616	256
616	164
616	720
723	752
723	158
723	202
723	296
98	492
192	295
192	384
192	97
192	923
192	259
192	669
192	208
925	31
925	169
925	198
925	906
295	56
295	67
295	91
295	258
295	948
295	428
460	894
460	279
160	963
160	85
160	881
551	253
551	185
457	832
457	255
457	748
331	725
331	368
747	1
747	986
747	840
747	546
747	108
747	877
571	357
571	202
571	960
571	213
571	301
571	600
695	603
695	142
695	926
695	688
695	716
586	609
586	587
586	945
894	553
894	658
894	674
885	866
885	66
885	125
885	829
692	85
692	177
188	433
188	247
188	303
310	545
176	142
176	729
176	373
176	555
176	852
220	416
220	274
141	249
141	960
370	762
370	681
370	223
487	518
487	269
487	436
487	400
785	20
785	541
785	52
785	915
785	469
785	862
785	438
99	136
99	202
99	599
99	200
268	252
268	675
268	390
305	473
305	907
305	670
305	325
305	646
305	814
301	956
301	473
301	455
301	217
170	122
170	531
170	340
170	993
170	957
438	826
38	839
38	433
38	737
212	43
212	348
212	508
212	109
288	205
288	266
288	507
910	518
910	282
910	895
910	463
910	754
910	479
910	580
148	114
148	385
148	206
693	938
693	525
693	872
652	768
652	598
652	959
652	945
361	72
361	625
361	722
361	772
96	405
147	864
147	494
590	136
590	202
590	174
590	725
590	825
590	953
827	32
827	625
827	761
871	56
114	622
114	828
114	274
114	306
699	174
699	178
699	435
699	426
658	623
658	34
508	74
508	998
508	930
848	606
848	265
845	678
845	350
845	239
845	884
845	877
804	900
804	378
804	705
966	605
880	529
880	16
880	799
880	873
377	348
377	591
388	322
388	111
388	345
863	340
863	397
863	479
715	808
715	53
715	605
715	102
715	339
715	667
258	111
258	745
948	955
948	653
581	619
581	536
581	587
232	778
232	89
232	296
264	606
105	433
105	525
105	811
387	582
132	626
132	456
132	998
884	263
884	121
884	668
161	938
161	413
357	6
357	938
357	208
357	198
357	223
357	749
357	261
138	928
138	374
138	756
138	195
138	304
138	125
138	196
138	930
138	285
822	904
365	778
365	625
365	605
365	255
365	337
759	186
759	637
759	655
517	645
517	998
517	730
517	446
984	356
984	865
984	839
984	960
984	196
984	205
984	261
984	570
469	172
469	994
339	624
453	12
453	527
453	252
239	828
239	509
239	106
239	445
642	697
642	366
642	300
642	914
642	126
642	930
642	602
728	792
728	304
728	563
401	531
401	748
374	768
374	603
374	218
623	16
623	811
743	113
743	940
205	993
631	218
631	681
647	144
444	952
444	491
420	907
527	77
527	26
527	171
527	509
527	515
527	773
493	71
493	755
493	686
493	294
493	262
329	304
329	676
329	655
939	71
939	424
939	340
939	345
939	397
815	818
815	662
989	629
808	1
808	867
808	51
808	870
808	764
808	627
524	69
524	515
524	877
384	228
384	63
384	504
384	614
384	221
384	446
384	862
85	529
85	356
85	965
85	372
85	300
108	180
108	717
108	870
2	473
2	558
2	48
2	393
2	165
197	144
197	355
197	67
197	960
761	97
761	198
800	734
800	115
800	539
800	862
794	543
794	783
53	142
53	719
53	763
53	949
907	137
907	67
907	151
907	100
907	102
907	223
907	937
870	541
641	424
641	125
641	169
277	866
277	704
277	829
277	886
277	261
482	621
553	207
553	31
553	70
553	877
637	202
637	609
637	454
637	63
637	561
637	71
637	198
637	426
80	183
80	443
80	946
80	684
80	614
902	609
902	196
902	829
902	338
902	337
177	866
177	841
177	809
716	645
716	398
250	943
350	513
350	920
350	62
350	895
350	240
350	758
350	604
84	504
84	366
191	245
600	476
600	750
479	819
479	610
479	267
479	360
479	145
479	336
601	379
601	960
478	72
478	946
478	993
489	965
489	70
489	74
826	717
826	142
826	119
826	779
826	498
208	823
208	363
208	373
988	625
988	683
988	326
291	11
291	671
291	732
291	385
513	4
513	337
740	497
740	178
740	504
740	635
740	218
740	663
238	628
238	838
238	993
697	866
697	466
697	371
697	70
546	963
546	355
546	548
546	61
546	337
686	963
686	521
686	263
686	259
758	558
758	702
758	427
915	102
915	881
627	620
627	372
627	502
332	628
332	849
760	613
999	14
999	173
999	591
11	275
11	860
66	20
66	497
66	155
66	150
66	60
20	356
20	518
20	512
315	44
315	725
315	780
635	73
635	786
635	666
635	414
981	95
981	491
981	833
981	505
299	720
299	480
299	769
299	900
621	466
621	741
61	610
61	427
61	968
61	561
61	701
841	865
841	111
841	549
841	280
195	360
195	431
195	156
917	223
610	46
610	683
610	480
610	945
91	348
91	383
91	914
91	858
134	830
134	755
373	209
261	165
261	369
744	625
744	109
744	480
456	725
456	849
456	729
456	993
456	947
423	102
423	216
423	585
698	777
698	924
698	328
887	202
418	518
418	722
485	865
485	427
485	211
485	947
529	77
529	542
529	849
606	62
606	109
83	174
83	63
83	561
83	509
620	558
620	413
620	604
415	72
415	6
415	202
415	930
415	376
7	987
7	713
7	168
7	626
576	685
576	237
576	59
576	480
576	805
200	304
200	727
330	587
451	25
451	717
451	786
451	945
180	162
180	151
180	825
49	713
397	466
397	265
397	859
397	596
732	390
732	385
612	811
612	662
612	458
683	294
752	4
752	995
752	596
851	722
851	62
851	975
300	509
300	130
300	296
300	668
476	113
476	480
476	143
503	193
503	242
503	465
629	775
355	142
355	247
355	383
355	809
762	473
762	938
762	756
762	226
762	145
762	429
731	949
731	256
731	679
541	778
541	552
541	246
541	830
541	255
541	266
172	199
172	379
172	263
653	539
125	562
579	504
579	294
786	580
343	14
343	43
343	757
343	567
776	512
776	811
776	269
776	402
776	850
776	514
613	781
613	340
613	754
613	876
667	515
110	396
110	735
314	371
314	133
314	947
314	318
345	179
345	294
345	969
908	756
296	375
296	237
296	798
938	225
938	27
256	76
256	557
256	458
256	566
256	540
256	302
810	131
810	270
242	443
242	492
242	209
348	45
348	106
348	163
954	333
458	275
458	473
458	876
965	23
965	619
965	807
965	952
965	904
369	201
337	687
833	592
702	59
702	561
802	56
802	360
802	216
424	97
424	198
860	45
860	724
6	272
941	185
941	703
338	639
338	741
338	663
338	336
152	955
152	226
152	947
152	465
165	677
165	864
375	34
375	672
375	163
375	937
183	928
183	542
183	905
183	560
183	495
282	584
549	113
549	431
549	780
662	602
662	812
221	588
221	480
303	178
303	507
303	472
60	963
60	739
60	486
768	8
768	102
768	216
158	3
158	986
158	360
158	353
202	28
202	688
202	856
427	922
427	450
742	921
602	555
720	839
480	566
480	570
428	858
417	518
417	839
417	582
417	974
566	873
156	781
156	302
156	975
3	865
474	866
474	818
474	486
474	246
730	145
780	162
780	783
780	859
780	929
400	618
400	675
400	814
400	559
69	962
69	363
619	207
619	142
619	542
619	44
619	346
619	995
412	186
412	87
412	707
412	591
217	777
383	89
383	77
383	536
383	157
383	764
100	891
437	289
437	328
363	562
363	245
196	497
961	31
961	737
961	206
961	889
356	204
356	615
322	687
322	16
322	809
322	421
322	604
25	682
920	67
920	340
419	882
76	455
76	521
76	766
82	670
82	706
325	102
127	811
127	582
127	422
127	531
599	914
599	895
599	594
599	921
171	790
171	467
171	216
143	890
764	854
378	497
378	492
378	591
572	949
430	996
430	426
521	584
163	639
163	584
35	14
35	199
35	927
558	949
558	229
558	736
558	929
677	649
396	713
396	598
396	882
396	318
714	119
714	468
201	781
201	684
201	366
201	381
201	313
201	901
201	666
625	321
625	515
372	107
372	972
372	226
372	793
562	336
562	563
883	701
883	246
997	14
997	713
997	694
997	67
997	62
997	106
436	561
436	721
481	814
520	151
520	729
536	59
536	139
536	278
536	467
151	74
151	756
533	385
539	498
909	95
909	283
106	772
237	72
237	671
237	955
237	70
237	253
237	607
237	679
26	622
26	671
830	963
703	791
703	717
703	864
703	861
703	937
703	580
228	501
228	676
228	435
274	182
274	422
597	512
597	394
597	854
962	265
226	293
226	777
358	321
358	70
358	537
358	918
145	173
922	626
922	567
168	891
168	736
168	591
781	23
781	130
849	126
206	144
206	454
206	807
206	470
206	463
368	502
850	864
850	313
850	712
16	9
229	59
229	624
229	216
969	360
969	998
969	926
969	769
969	328
321	582
321	669
542	466
542	455
707	184
433	882
854	443
854	287
136	32
136	19
136	828
722	694
722	840
722	688
119	164
254	109
840	867
840	31
700	89
700	515
913	259
960	763
960	588
960	442
960	674
960	921
4	792
4	963
72	866
72	12
72	670
72	416
72	741
72	934
72	545
819	55
819	756
819	676
669	835
669	429
835	866
835	62
835	450
443	694
443	548
443	681
443	385
807	611
512	467
859	253
745	890
262	977
733	986
733	886
867	497
867	561
241	737
241	379
241	442
241	376
241	270
891	792
891	763
891	379
928	778
928	74
928	270
928	646
129	109
129	588
129	757
943	12
943	811
943	467
783	270
783	899
506	946
506	817
675	584
353	155
353	998
353	213
704	671
704	685
704	87
704	445
704	280
376	779
949	901
949	278
949	886
668	559
687	12
687	523
687	364
142	144
142	34
142	218
142	814
756	615
968	973
126	431
929	386
995	862
963	9
963	179
963	955
963	70
858	189
858	386
858	869
858	450
858	958
89	12
89	218
828	737
828	486
828	86
828	169
121	678
121	614
121	895
245	775
245	385
394	618
394	509
394	213
153	952
153	467
153	491
153	809
153	974
998	523
998	416
998	445
998	646
793	472
685	881
818	735
818	799
818	429
717	792
717	603
173	287
173	996
398	753
398	937
328	416
328	838
328	302
622	477
729	123
729	266
280	386
280	391
280	799
467	179
467	670
467	266
959	933
959	470
402	540
402	750
225	9
225	31
225	405
719	174
283	594
137	23
137	252
812	450
501	1
501	560
73	19
73	253
73	267
73	838
223	275
223	364
223	494
655	750
10	956
313	678
313	178
186	275
186	890
186	839
186	379
289	987
678	59
678	70
678	525
678	164
678	514
918	973
199	31
207	934
207	287
405	63
385	778
584	265
302	253
302	164
302	725
302	531
302	567
393	923
393	494
497	56
497	711
497	273
497	958
734	926
95	150
95	696
70	956
70	823
701	763
701	509
701	947
293	304
293	663
725	805
725	899
144	12
340	823
340	360
750	477
750	287
750	889
814	531
814	429
924	679
407	836
34	371
34	204
34	193
772	93
886	364
986	43
986	211
825	982
763	603
763	431
763	754
492	778
492	603
492	495
492	947
477	193
477	674
162	36
162	133
162	900
713	32
713	78
713	811
164	672
164	805
164	769
164	194
164	587
97	379
923	435
31	603
906	395
56	371
279	44
279	130
279	646
253	130
832	74
832	934
832	978
255	246
255	982
255	502
877	696
877	735
877	958
213	515
213	611
603	333
926	178
926	676
587	270
587	876
674	706
866	12
829	626
829	130
829	431
247	45
247	659
555	914
555	889
416	817
249	386
249	463
681	309
681	130
681	607
518	263
518	862
269	189
269	712
269	663
269	724
252	263
390	724
473	123
956	115
455	40
455	672
455	679
531	459
531	270
993	626
993	721
993	491
737	55
737	560
737	557
737	421
43	309
43	131
43	552
109	123
109	864
109	120
507	366
507	790
507	413
463	865
754	267
525	87
872	341
872	107
872	798
872	273
864	777
174	59
174	386
953	267
32	8
306	987
306	838
178	59
178	149
930	179
900	270
900	318
705	465
605	78
605	567
799	548
591	216
111	671
111	454
111	582
111	952
955	63
955	515
778	9
778	952
778	712
778	773
811	182
811	371
811	706
582	179
582	219
582	659
263	115
263	515
304	782
904	371
904	741
904	712
645	150
645	87
645	442
865	672
865	278
570	560
12	309
445	567
366	278
366	805
218	712
218	649
952	805
491	523
491	548
491	360
77	27
77	246
515	465
773	639
773	996
755	189
676	557
676	395
504	978
614	618
48	55
115	672
115	821
543	219
937	450
454	27
684	809
62	933
360	93
360	219
379	364
671	548
663	987
663	893
628	78
466	28
466	133
466	514
371	996
371	505
548	46
155	216
150	149
666	341
741	133
431	706
431	149
431	889
585	465
585	318
777	139
211	557
987	27
193	753
465	391
775	514
679	933
679	540
552	735
567	442
876	341
876	856
133	528
179	45
27	890
27	333
27	459
557	346
557	893
45	618
45	711
45	523
333	971
333	395
272	395
639	78
639	672
495	395
588	346
472	982
8	782
8	341
28	694
856	736
921	442
346	643
421	951
422	364
996	643
649	341
649	511
107	971
107	982
972	287
972	958
721	139
791	19
791	364
182	9
182	869
470	782
55	753
189	577
93	774
